-----------------------------------------
iteration = 1
T = 
[[ 0.99016116 -0.06326854 -0.12481176  1.6291671 ]
 [ 0.02806855  0.96362056 -0.2657961   2.53308114]
 [ 0.13708771  0.25967769  0.95591551  0.42409249]
 [ 0.          0.          0.          1.        ]]
accumulated T = 
[[ 0.99016116 -0.06326854 -0.12481176  1.6291671 ]
 [ 0.02806855  0.96362056 -0.2657961   2.53308114]
 [ 0.13708771  0.25967769  0.95591551  0.42409249]
 [ 0.          0.          0.          1.        ]]
mean_error= 5.649773458067563
-----------------------------------------
iteration = 2
T = 
[[ 0.99277559 -0.00809424 -0.11971262  1.28914071]
 [-0.0052378   0.99384732 -0.11063489  1.27957577]
 [ 0.11987157  0.11046265  0.98662496  0.37188037]
 [ 0.          0.          0.          1.        ]]
accumulated T =
[[ 0.96837783 -0.08468091 -0.23467747  2.77825222]
 [-0.00904287  0.92810398 -0.37221128  3.70344662]
 [ 0.24932428  0.36256331  0.89798956  1.28858133]
 [ 0.          0.          0.          1.        ]]
mean_error= 4.519857059389523
-----------------------------------------
iteration = 3
T =
[[ 0.99896158  0.01383431 -0.04340942  0.49954943]
 [-0.01465653  0.99971808 -0.01868026  0.47434155]
 [ 0.04313875  0.0192971   0.99888271  0.48390009]
 [ 0.          0.          0.          1.        ]]
accumulated T =
[[ 0.95848968 -0.07578879 -0.27487013  3.1082767 ]
 [-0.038693    0.92053462 -0.38874009  3.95905446]
 [ 0.28248961  0.38323892  0.87939044  2.01964721]
 [ 0.          0.          0.          1.        ]]
mean_error= 3.9421091647324715
-----------------------------------------
iteration = 4
T =
[[ 0.99990538  0.01189797 -0.0069047   0.13766332]
 [-0.01185744  0.99991241  0.00588066  0.20787928]
 [ 0.00697407 -0.00579823  0.99995887  0.43421645]
 [ 0.          0.          0.          1.        ]]
accumulated T =
[[ 0.95738069 -0.06278431 -0.2819226   3.10511752]
 [-0.05231562  0.92224763 -0.38304359  3.97629058]
 [ 0.28405158  0.38146749  0.87965747  2.52004889]
 [ 0.          0.          0.          1.        ]]
mean_error= 3.574844496816095
-----------------------------------------
iteration = 5
T =
[[ 0.99989711  0.00929607  0.0109245  -0.03953913]
 [-0.00940586  0.99990535  0.01004128  0.12526525]
 [-0.01083012 -0.010143    0.99988991  0.33966762]
 [ 0.          0.          0.          1.        ]]
accumulated T =
[[ 0.96092598 -0.05101894 -0.2720631   2.96363885]
 [-0.05683636  0.92555921 -0.37431239  3.96377718]
 [ 0.27090753  0.37514958  0.88649416  2.85539352]
 [ 0.          0.          0.          1.        ]]
mean_error= 3.2947341712227582
-----------------------------------------
iteration = 6
T =
[[ 0.99975685  0.00729885  0.02080807 -0.13737001]
 [-0.00756805  0.99988831  0.01288797  0.06526225]
 [-0.02071168 -0.01304231  0.99970042  0.30231638]
 [ 0.          0.          0.          1.        ]]
accumulated T =
[[ 0.96671333 -0.04045125 -0.2526441   2.74605769]
 [-0.05607458  0.9299229  -0.36345433  3.9188281 ]
 [ 0.24964172  0.36552306  0.89670057  3.11066376]
 [ 0.          0.          0.          1.        ]]
mean_error= 3.059134009290774
-----------------------------------------
iteration = 7
T =
[[ 0.99967481  0.00560016  0.02487792 -0.17645206]
 [-0.00595922  0.99987881  0.01438226  0.02467042]
 [-0.02479437 -0.01452584  0.99958703  0.28157777]
 [ 0.          0.          0.          1.        ]]
accumulated T =
[[ 0.97290417 -0.03136274 -0.22907173  2.50334222]
 [-0.05258634  0.93477565 -0.35132486  3.8493235 ]
 [ 0.22514918  0.35385146  0.90779788  3.32812252]
 [ 0.          0.          0.          1.        ]]
mean_error= 2.85346065004649
-----------------------------------------
iteration = 8
T =
[[ 0.99965004  0.00449945  0.02606814 -0.18586003]
 [-0.0048489   0.99989903  0.01335752  0.01282263]
 [-0.02600541 -0.01347924  0.99957092  0.24667177]
 [ 0.          0.          0.          1.        ]]
accumulated T =
[[ 0.97867287 -0.02389432 -0.20403057  2.26561054]
 [-0.04796422  0.93918025 -0.34005866  3.78442156]
 [ 0.19974695  0.34259235  0.91800416  3.5147417 ]
 [ 0.          0.          0.          1.        ]]
mean_error= 2.6680153326670224
-----------------------------------------
iteration = 9
T =
[[ 0.99962277  0.00381081  0.027199   -0.1953143 ]
 [-0.00417667  0.9999014   0.01340717 -0.00372638]
 [-0.02714523 -0.01351571  0.99954013  0.23817734]
 [ 0.          0.          0.          1.        ]]
accumulated T =
[[ 0.98394195 -0.01740482 -0.17763817  2.02595532]
 [-0.0426378   0.943501   -0.3286151   3.70929565]
 [ 0.17332127  0.33091229  0.9276081   3.69309942]
 [ 0.          0.          0.          1.        ]]
mean_error= 2.495236625972692
-----------------------------------------
iteration = 10
T =
[[ 0.99959767  0.00277047  0.02822799 -0.19526104]
 [-0.00323418  0.99986036  0.0163949  -0.04637575]
 [-0.02817863 -0.0164796   0.99946705  0.27636423]
 [ 0.          0.          0.          1.        ]]
accumulated T =
[[ 0.98860797 -0.011749   -0.15005414  1.78554412]
 [-0.03641217  0.94866657 -0.31417495  3.58304813]
 [ 0.14604259  0.31605965  0.93743152  3.90026792]
 [ 0.          0.          0.          1.        ]]
mean_error= 2.3295511804722544
-----------------------------------------
iteration = 11
T =
[[ 0.99961608  0.00209055  0.0276282  -0.18509378]
 [-0.00256242  0.99985127  0.01705507 -0.06518646]
 [-0.02758844 -0.01711932  0.99947276  0.28065926]
 [ 0.          0.          0.          1.        ]]
accumulated T =
[[ 0.99239829 -0.0071117  -0.12286195  1.56121073]
 [-0.03016148  0.95382781 -0.29883573  3.43977147]
 [ 0.11931437  0.30026976  0.94636259  4.11573238]
 [ 0.          0.          0.          1.        ]]
mean_error= 2.173396921301138
-----------------------------------------
iteration = 12
T =
[[ 0.99967397  0.00163841  0.02548084 -0.1631383 ]
 [-0.00202083  0.99988561  0.0149897  -0.05676719]
 [-0.02545337 -0.0150363   0.99956292  0.24727616]
 [ 0.          0.          0.          1.        ]]
accumulated T =
[[ 9.95216358e-01 -3.63754207e-03 -9.76277059e-02  1.36933544e+00]
 [-2.44727966e-02  9.58162667e-01 -2.85176060e-01  3.31665089e+00]
 [ 9.45805630e-02  2.86201103e-01  9.53490139e-01  4.31323507e+00]
 [ 0.00000000e+00  0.00000000e+00  0.00000000e+00  1.00000000e+00]]
mean_error= 2.0289129740663125
-----------------------------------------
iteration = 13
T =
[[ 9.99753651e-01  9.78792557e-04  2.21738400e-02 -1.27810949e-01]
 [-1.25727148e-03  9.99920475e-01  1.25484369e-02 -4.36774863e-02]
 [-2.21597943e-02 -1.25732241e-02  9.99675376e-01  2.06064994e-01]
 [ 0.00000000e+00  0.00000000e+00  0.00000000e+00  1.00000000e+00]]
accumulated T =
[[ 9.97139171e-01 -1.43564740e-03 -7.55738908e-02  1.22217712e+00]
 [-1.93519955e-02  9.61648098e-01 -2.73602697e-01  3.21916385e+00]
 [ 7.30682854e-02  2.74282472e-01  9.58869204e-01  4.48512703e+00]
 [ 0.00000000e+00  0.00000000e+00  0.00000000e+00  1.00000000e+00]]
mean_error= 1.8969816425797719
-----------------------------------------
iteration = 14
T =
[[ 9.99822730e-01 -1.99594838e-05  1.88283852e-02 -8.89836136e-02]
 [-1.76260719e-04  9.99945697e-01  1.04197929e-02 -3.33800552e-02]
 [-1.88275707e-02 -1.04212644e-02  9.99768433e-01  1.67481288e-01]
 [ 0.00000000e+00  0.00000000e+00  0.00000000e+00  1.00000000e+00]]
accumulated T =
[[ 9.98385534e-01 -6.67896322e-04 -5.67968292e-02  1.12083879e+00]
 [-1.43667917e-02  9.64447550e-01 -2.63883533e-01  3.14296266e+00]
 [ 5.49538096e-02  2.64273490e-01  9.62880886e-01  4.63006224e+00]
 [ 0.00000000e+00  0.00000000e+00  0.00000000e+00  1.00000000e+00]]
mean_error= 1.7777161608005763
-----------------------------------------
iteration = 15
T =
[[ 9.99865763e-01 -8.17827537e-04  1.63641783e-02 -5.95127047e-02]
 [ 6.76832139e-04  9.99962620e-01  8.61978404e-03 -2.40219982e-02]
 [-1.63706161e-02 -8.60755115e-03  9.99828942e-01  1.37492811e-01]
 [ 0.00000000e+00  0.00000000e+00  0.00000000e+00  1.00000000e+00]]
accumulated T =
[[ 9.99180861e-01 -9.95496926e-04 -4.04551119e-02  1.05362905e+00]
 [-9.39215801e-03  9.66694639e-01 -2.55760165e-01  3.08436762e+00]
 [ 3.93623482e-02  2.55930622e-01  9.65893432e-01  4.75283261e+00]
 [ 0.00000000e+00  0.00000000e+00  0.00000000e+00  1.00000000e+00]]
mean_error= 1.6678832481762347
-----------------------------------------
iteration = 16
T =
[[ 0.99989651 -0.00157823  0.01429968 -0.03443645]
 [ 0.00146976  0.99997009  0.00759298 -0.02040464]
 [-0.01431124 -0.00757118  0.99986892  0.11872695]
 [ 0.          0.          0.          1.        ]]
accumulated T =
[[ 9.99654954e-01 -2.26611504e-03 -2.61694023e-02  1.01443801e+00]
 [-4.31013178e-03  9.68616958e-01 -2.48520848e-01  3.03460037e+00]
 [ 2.59113036e-02  2.48547890e-01  9.68272973e-01  4.86093252e+00]
 [ 0.00000000e+00  0.00000000e+00  0.00000000e+00  1.00000000e+00]]
mean_error= 1.5660078060052336
-----------------------------------------
iteration = 17
T =
[[ 0.99992062 -0.00199274  0.01244129 -0.01554638]
 [ 0.0019091   0.99997552  0.00673119 -0.01769384]
 [-0.0124544  -0.00670691  0.99989995  0.10351303]
 [ 0.          0.          0.          1.        ]]
accumulated T =
[[ 9.99897198e-01 -4.08260092e-03 -1.37450444e-02  9.96228224e-01]
 [ 6.34576477e-04  9.70268644e-01 -2.42029659e-01  2.99180368e+00]
 [ 1.43244961e-02  2.41996056e-01  9.70171489e-01  4.95636079e+00]
 [ 0.00000000e+00  0.00000000e+00  0.00000000e+00  1.00000000e+00]]
mean_error= 1.471594942893142
-----------------------------------------
iteration = 18
T =
[[ 0.99993648 -0.00235205  0.01102317 -0.00239351]
 [ 0.00228139  0.9999768   0.00641795 -0.01989221]
 [-0.01103801 -0.0063924   0.99991865  0.09849055]
 [ 0.          0.          0.          1.        ]]
accumulated T =
[[ 9.99976085e-01 -6.34644904e-03 -2.74809278e-03  9.92562412e-01]
 [ 5.51962522e-03  9.71791793e-01 -2.35775837e-01  2.94866374e+00]
 [ 4.16691334e-03  2.35755030e-01  9.71803582e-01  5.04706540e+00]
 [ 0.00000000e+00  0.00000000e+00  0.00000000e+00  1.00000000e+00]]
mean_error= 1.3845489409612934
-----------------------------------------
iteration = 19
T =
[[ 0.99994881 -0.0025956   0.00977973  0.00848457]
 [ 0.0025382   0.99997951  0.00587702 -0.01959497]
 [-0.00979478 -0.00585189  0.99993491  0.08931555]
 [ 0.          0.          0.          1.        ]]
accumulated T =
[[ 9.99935703e-01 -8.92577381e-03  6.99428246e-03  1.00092569e+00]
 [ 1.02953172e-02  9.73137288e-01 -2.29995271e-01  2.90860989e+00]
 [-4.75351129e-03  2.30052492e-01  9.73166612e-01  5.12927831e+00]
 [ 0.00000000e+00  0.00000000e+00  0.00000000e+00  1.00000000e+00]]
mean_error= 1.3039471513573413
-----------------------------------------
iteration = 20
T =
[[ 0.99996005 -0.0028439   0.00847446  0.02030187]
 [ 0.00280079  0.9999831   0.00509478 -0.01609537]
 [-0.0084888  -0.00507084  0.99995111  0.07613402]
 [ 0.          0.          0.          1.        ]]
accumulated T =
[[ 0.99981138 -0.01180481  0.01542238  1.02190242]
 [ 0.01497285  0.97425783 -0.22493886  2.87564543]
 [-0.01237001  0.22512735  0.97425082  5.19957011]
 [ 0.          0.          0.          1.        ]]
mean_error= 1.2292466823270798
-----------------------------------------
iteration = 21
T =
[[ 0.99996795 -0.00295938  0.00743892  0.02709654]
 [ 0.00292645  0.99998588  0.0044347  -0.01301223]
 [-0.00745194 -0.00441279  0.9999625   0.06617165]
 [ 0.          0.          0.          1.        ]]
accumulated T =
[[ 0.99962987 -0.01483153  0.02280697  1.05016798]
 [ 0.01949971  0.97519238 -0.22049849  2.8484893 ]
 [-0.01897085  0.22086161  0.97512064  5.2607733 ]
 [ 0.          0.          0.          1.        ]]
mean_error= 1.1605671244887346
-----------------------------------------
iteration = 22
T =
[[ 0.9999726  -0.00289597  0.00681207  0.02813698]
 [ 0.00286907  0.99998806  0.00395513 -0.01133108]
 [-0.00682344 -0.00393548  0.99996898  0.05857356]
 [ 0.          0.          0.          1.        ]]
accumulated T =
[[ 0.99940431 -0.01781601  0.02955714  1.07979848]
 [ 0.02380163  0.97599203 -0.2165018   2.8250726 ]
 [-0.02499034  0.21707634  0.97583469  5.31485321]
 [ 0.          0.          0.          1.        ]]
mean_error= 1.097083041572393
-----------------------------------------
iteration = 23
T =
[[ 0.99997734 -0.00287098  0.00608864  0.03051299]
 [ 0.00285018  0.99999008  0.00342271 -0.00900946]
 [-0.00609841 -0.00340527  0.99997561  0.05070821]
 [ 0.          0.          0.          1.        ]]
accumulated T =
[[ 0.99915063 -0.02078575  0.03558046  1.1119526 ]
 [ 0.02790316  0.97665127 -0.21301107  2.80602728]
 [-0.0303221   0.21382295  0.97640172  5.36161777]
 [ 0.          0.          0.          1.        ]]
mean_error= 1.0389041006355195
-----------------------------------------
iteration = 24
T =
[[ 0.99998048 -0.00284928  0.00556015  0.03199446]
 [ 0.00283266  0.9999915   0.00299487 -0.00682333]
 [-0.00556864 -0.00297906  0.99998006  0.04337752]
 [ 0.          0.          0.          1.        ]]
accumulated T =
[[ 0.99887412 -0.02373843  0.04107292  1.14560511]
 [ 0.03185531  0.97719804 -0.20992673  2.79101612]
 [-0.03515305  0.21099877  0.97685402  5.40154253]
 [ 0.          0.          0.          1.        ]]
mean_error= 0.9846425214494865
-----------------------------------------
iteration = 25
T =
[[ 0.99998351 -0.00277289  0.00502937  0.03351465]
 [ 0.00275969  0.99999273  0.00263014 -0.00534741]
 [-0.00503663 -0.00261621  0.99998389  0.03758177]
 [ 0.          0.          0.          1.        ]]
accumulated T =
[[ 0.99858526 -0.02661548  0.04603354  1.18075256]
 [ 0.03560888  0.97765182 -0.20719298  2.77896884]
 [-0.03949023  0.20853906  0.97721645  5.435948  ]
 [ 0.          0.          0.          1.        ]]
mean_error= 0.9339206724495038
-----------------------------------------
iteration = 26
T =
[[ 0.99998569 -0.00274603  0.00459081  0.03386805]
 [ 0.00273506  0.99999339  0.00239571 -0.00440552]
 [-0.00459736 -0.00238312  0.99998659  0.03408613]
 [ 0.          0.          0.          1.        ]]
accumulated T =
[[ 0.99828655 -0.02946716  0.05055347  1.21625906]
 [ 0.03923484  0.97804134 -0.20468455  2.76880538]
 [-0.04341192  0.20631729  0.97752165  5.46700134]
 [ 0.          0.          0.          1.        ]]
mean_error= 0.8869524739281501
-----------------------------------------
iteration = 27
T =
[[ 0.99998768 -0.00258708  0.00423624  0.03199731]
 [ 0.00257758  0.99999416  0.00224488 -0.00481232]
 [-0.00424202 -0.00223393  0.99998851  0.03185693]
 [ 0.          0.          0.          1.        ]]
accumulated T =
[[ 0.99798385 -0.03216256  0.05471572  1.24995383]
 [ 0.04262362  0.97839137 -0.20232041  2.75883352]
 [-0.04702625  0.20424468  0.97778967  5.49576026]
 [ 0.          0.          0.          1.        ]]
mean_error= 0.8437897021584322
-----------------------------------------
iteration = 28
T =
[[ 0.99998938 -0.00237409  0.00395054  0.02946836]
 [ 0.00236591  0.99999505  0.0020739  -0.00495201]
 [-0.00395544 -0.00206453  0.99999005  0.02934534]
 [ 0.          0.          0.          1.        ]]
accumulated T =
accumulated T =
[[ 0.99706581 -0.03939716  0.06563257  1.34086781]
 [ 0.05159016  0.97926217 -0.1959185   2.73032031]
 [-0.05655286  0.19872963  0.97842133  5.57158243]
 [ 0.          0.          0.          1.        ]]
mean_error= 0.7314854781391862
time cost: 1019.90342s